SPEAKER         id       #SENT      #WORD       Corr        Sub        Ins        Del        Err      S.Err
ocancer001      raw         10        198        118         60         13         20         93         10
ocancer001      sys         10        198      59.60      30.30       6.57      10.10      46.97     100.00
ocancer003      raw         20        463        249        157         28         57        242         20
ocancer003      sys         20        463      53.78      33.91       6.05      12.31      52.27     100.00
ocancer004      raw          9        270        111         99          8         60        167          9
ocancer004      sys          9        270      41.11      36.67       2.96      22.22      61.85     100.00
ocancer005      raw         26        919        546        251         20        122        393         26
ocancer005      sys         26        919      59.41      27.31       2.18      13.28      42.76     100.00
ocancer006      raw         18        637        464        117         21         56        194         18
ocancer006      sys         18        637      72.84      18.37       3.30       8.79      30.46     100.00
ocancer007      raw         19        711        456        184         22         71        277         19
ocancer007      sys         19        711      64.14      25.88       3.09       9.99      38.96     100.00
ocancer010      raw        105       1916        926        790        148        200       1138        105
ocancer010      sys        105       1916      48.33      41.23       7.72      10.44      59.39     100.00
ocancer013      raw         25        747        501        183         43         63        289         24
ocancer013      sys         25        747      67.07      24.50       5.76       8.43      38.69      96.00
ocancer018      raw         37       1203        831        288         97         84        469         37
ocancer018      sys         37       1203      69.08      23.94       8.06       6.98      38.99     100.00
ocancer022      raw         72       2348       1326        768        119        254       1141         72
ocancer022      sys         72       2348      56.47      32.71       5.07      10.82      48.59     100.00
ocancer023      raw         37        750        402        246         47        102        395         37
ocancer023      sys         37        750      53.60      32.80       6.27      13.60      52.67     100.00
ocancer024      raw         90       2369       1187        815        110        367       1292         90
ocancer024      sys         90       2369      50.11      34.40       4.64      15.49      54.54     100.00
ocancer026      raw         80       2371       1310        747        110        314       1171         80
ocancer026      sys         80       2371      55.25      31.51       4.64      13.24      49.39     100.00
ocancer028      raw         82       2259       1355        665         84        239        988         82
ocancer028      sys         82       2259      59.98      29.44       3.72      10.58      43.74     100.00
ocancer030      raw          2         54         41          7          3          6         16          2
ocancer030      sys          2         54      75.93      12.96       5.56      11.11      29.63     100.00
ocancer033      raw         11        269        146         96         18         27        141         11
ocancer033      sys         11        269      54.28      35.69       6.69      10.04      52.42     100.00
SUM             raw        643      17484       9969       5473        891       2042       8406        642
SUM             sys        643      17484      57.02      31.30       5.10      11.68      48.08      99.84
