SPEAKER         id       #SENT      #WORD       Corr        Sub        Ins        Del        Err      S.Err
001             raw         10        198         58         95         12         45        152         10
001             sys         10        198      29.29      47.98       6.06      22.73      76.77     100.00
003             raw         20        463        173        200         22         90        312         20
003             sys         20        463      37.37      43.20       4.75      19.44      67.39     100.00
004             raw          9        270         42        129          3         99        231          9
004             sys          9        270      15.56      47.78       1.11      36.67      85.56     100.00
005             raw         26        919        249        403          7        267        677         26
005             sys         26        919      27.09      43.85       0.76      29.05      73.67     100.00
006             raw         18        637        204        261         16        172        449         18
006             sys         18        637      32.03      40.97       2.51      27.00      70.49     100.00
007             raw         19        711        292        284         13        135        432         19
007             sys         19        711      41.07      39.94       1.83      18.99      60.76     100.00
010             raw        105       1916        246       1272         87        398       1757        105
010             sys        105       1916      12.84      66.39       4.54      20.77      91.70     100.00
013             raw         25        747        300        314         30        133        477         24
013             sys         25        747      40.16      42.03       4.02      17.80      63.86      96.00
021             raw         77       1901        595        871         52        435       1358         77
021             sys         77       1901      31.30      45.82       2.74      22.88      71.44     100.00
022             raw         72       2348        834       1075         87        439       1601         72
022             sys         72       2348      35.52      45.78       3.71      18.70      68.19     100.00
026             raw         80       2371        392       1251         43        728       2022         80
026             sys         80       2371      16.53      52.76       1.81      30.70      85.28     100.00
028             raw         82       2259        546       1209         41        504       1754         82
028             sys         82       2259      24.17      53.52       1.81      22.31      77.64     100.00
034             raw         93       2548       1084        995        112        469       1576         92
034             sys         93       2548      42.54      39.05       4.40      18.41      61.85      98.92
SUM             raw        636      17288       5015       8359        525       3914      12798        634
SUM             sys        636      17288      29.01      48.35       3.04      22.64      74.03      99.69
