SPEAKER         id       #SENT      #WORD       Corr        Sub        Ins        Del        Err      S.Err
004             raw          9        270        146         80         12         44        136          9
004             sys          9        270      54.07      29.63       4.44      16.30      50.37     100.00
005             raw         26        919        414        387         27        118        532         26
005             sys         26        919      45.05      42.11       2.94      12.84      57.89     100.00
006             raw         18        637        493         97         15         47        159         18
006             sys         18        637      77.39      15.23       2.35       7.38      24.96     100.00
007             raw         19        711        520        135         34         56        225         19
007             sys         19        711      73.14      18.99       4.78       7.88      31.65     100.00
010             raw        105       1916       1313        503        184        100        787        102
010             sys        105       1916      68.53      26.25       9.60       5.22      41.08      97.14
013             raw         25        747        577        125         33         45        203         24
013             sys         25        747      77.24      16.73       4.42       6.02      27.18      96.00
021             raw         77       1901       1513        297         97         91        485         75
021             sys         77       1901      79.59      15.62       5.10       4.79      25.51      97.40
022             raw         72       2348       1667        503        115        178        796         72
022             sys         72       2348      71.00      21.42       4.90       7.58      33.90     100.00
026             raw         80       2371       1677        502        111        192        805         80
026             sys         80       2371      70.73      21.17       4.68       8.10      33.95     100.00
028             raw         82       2259       1583        507        102        169        778         81
028             sys         82       2259      70.08      22.44       4.52       7.48      34.44      98.78
034             raw         93       2548       1821        552        130        175        857         91
034             sys         93       2548      71.47      21.66       5.10       6.87      33.63      97.85
SUM             raw        606      16627      11724       3688        860       1215       5763        597
SUM             sys        606      16627      70.51      22.18       5.17       7.31      34.66      98.51
