SPEAKER         id       #SENT      #WORD       Corr        Sub        Ins        Del        Err      S.Err
001             raw         10        198         57         97         11         44        152         10
001             sys         10        198      28.79      48.99       5.56      22.22      76.77     100.00
003             raw         20        463        174        200         22         89        311         20
003             sys         20        463      37.58      43.20       4.75      19.22      67.17     100.00
004             raw          9        270         43        129          3         98        230          9
004             sys          9        270      15.93      47.78       1.11      36.30      85.19     100.00
005             raw         26        919        245        410          7        264        681         26
005             sys         26        919      26.66      44.61       0.76      28.73      74.10     100.00
006             raw         18        637        209        260         16        168        444         18
006             sys         18        637      32.81      40.82       2.51      26.37      69.70     100.00
007             raw         19        711        293        284         16        134        434         19
007             sys         19        711      41.21      39.94       2.25      18.85      61.04     100.00
013             raw         25        747        300        313         31        134        478         24
013             sys         25        747      40.16      41.90       4.15      17.94      63.99      96.00
018             raw         37       1203        689        371         56        143        570         37
018             sys         37       1203      57.27      30.84       4.66      11.89      47.38     100.00
021             raw         77       1901        603        882         54        416       1352         77
021             sys         77       1901      31.72      46.40       2.84      21.88      71.12     100.00
022             raw         72       2348        835       1081         87        432       1600         72
022             sys         72       2348      35.56      46.04       3.71      18.40      68.14     100.00
023             raw         37        750        119        510         21        121        652         37
023             sys         37        750      15.87      68.00       2.80      16.13      86.93     100.00
024             raw         90       2369        295       1373         25        701       2099         90
024             sys         90       2369      12.45      57.96       1.06      29.59      88.60     100.00
026             raw         80       2371        395       1255         45        721       2021         80
026             sys         80       2371      16.66      52.93       1.90      30.41      85.24     100.00
028             raw         82       2259        543       1212         41        504       1757         82
028             sys         82       2259      24.04      53.65       1.81      22.31      77.78     100.00
030             raw          2         54         25         20          3          9         32          2
030             sys          2         54      46.30      37.04       5.56      16.67      59.26     100.00
SUM             raw        604      17200       4825       8397        438       3978      12813        603
SUM             sys        604      17200      28.05      48.82       2.55      23.13      74.49      99.83
