SPEAKER         id       #SENT      #WORD       Corr        Sub        Ins        Del        Err      S.Err
001             raw         10        198        123         51         12         24         87         10
001             sys         10        198      62.12      25.76       6.06      12.12      43.94     100.00
003             raw         20        463        284        134         45         45        224         20
003             sys         20        463      61.34      28.94       9.72       9.72      48.38     100.00
004             raw          9        270        108         87         10         75        172          9
004             sys          9        270      40.00      32.22       3.70      27.78      63.70     100.00
005             raw         26        919        541        264         15        114        393         26
005             sys         26        919      58.87      28.73       1.63      12.40      42.76     100.00
006             raw         18        637        412        131         10         94        235         18
006             sys         18        637      64.68      20.57       1.57      14.76      36.89     100.00
007             raw         19        711        471        177         32         63        272         19
007             sys         19        711      66.24      24.89       4.50       8.86      38.26     100.00
013             raw         25        747        509        178         56         60        294         24
013             sys         25        747      68.14      23.83       7.50       8.03      39.36      96.00
018             raw         37       1203        855        271         82         77        430         37
018             sys         37       1203      71.07      22.53       6.82       6.40      35.74     100.00
021             raw         77       1901       1170        539        102        192        833         77
021             sys         77       1901      61.55      28.35       5.37      10.10      43.82     100.00
022             raw         72       2348       1382        755        149        211       1115         72
022             sys         72       2348      58.86      32.16       6.35       8.99      47.49     100.00
023             raw         37        750        346        322         78         82        482         37
023             sys         37        750      46.13      42.93      10.40      10.93      64.27     100.00
024             raw         90       2369       1092        871         99        406       1376         90
024             sys         90       2369      46.10      36.77       4.18      17.14      58.08     100.00
026             raw         80       2371       1216        669         97        486       1252         80
026             sys         80       2371      51.29      28.22       4.09      20.50      52.80     100.00
028             raw         82       2259       1369        653         94        237        984         81
028             sys         82       2259      60.60      28.91       4.16      10.49      43.56      98.78
030             raw          2         54         39         10          4          5         19          2
030             sys          2         54      72.22      18.52       7.41       9.26      35.19     100.00
SUM             raw        604      17200       9917       5112        885       2171       8168        602
SUM             sys        604      17200      57.66      29.72       5.15      12.62      47.49      99.67
