SPEAKER         id       #SENT      #WORD       Corr        Sub        Ins        Del        Err      S.Err
ocancer001      raw         10        198        128         46         13         24         83         10
ocancer001      sys         10        198      64.65      23.23       6.57      12.12      41.92     100.00
ocancer003      raw         20        463        277        127         28         59        214         20
ocancer003      sys         20        463      59.83      27.43       6.05      12.74      46.22     100.00
ocancer004      raw          9        270        103         94          8         73        175          9
ocancer004      sys          9        270      38.15      34.81       2.96      27.04      64.81     100.00
ocancer005      raw         26        919        525        272         14        122        408         26
ocancer005      sys         26        919      57.13      29.60       1.52      13.28      44.40     100.00
ocancer006      raw         18        637        416        154         20         67        241         18
ocancer006      sys         18        637      65.31      24.18       3.14      10.52      37.83     100.00
ocancer007      raw         19        711        462        183         24         66        273         19
ocancer007      sys         19        711      64.98      25.74       3.38       9.28      38.40     100.00
ocancer010      raw        105       1916        904        724        124        288       1136        104
ocancer010      sys        105       1916      47.18      37.79       6.47      15.03      59.29      99.05
ocancer013      raw         25        747        499        188         45         60        293         24
ocancer013      sys         25        747      66.80      25.17       6.02       8.03      39.22      96.00
ocancer021      raw         77       1901       1264        484        101        153        738         76
ocancer021      sys         77       1901      66.49      25.46       5.31       8.05      38.82      98.70
ocancer022      raw         72       2348       1338        716        118        294       1128         72
ocancer022      sys         72       2348      56.98      30.49       5.03      12.52      48.04     100.00
ocancer026      raw         80       2371       1117        834         80        420       1334         80
ocancer026      sys         80       2371      47.11      35.18       3.37      17.71      56.26     100.00
ocancer028      raw         82       2259       1273        731         87        255       1073         81
ocancer028      sys         82       2259      56.35      32.36       3.85      11.29      47.50      98.78
ocancer034      raw         93       2548       1563        666        106        319       1091         92
ocancer034      sys         93       2548      61.34      26.14       4.16      12.52      42.82      98.92
SUM             raw        636      17288       9869       5219        768       2200       8187        631
SUM             sys        636      17288      57.09      30.19       4.44      12.73      47.36      99.21
