SPEAKER         id       #SENT      #WORD       Corr        Sub        Ins        Del        Err      S.Err
001             raw         10        198        140         38         13         20         71          9
001             sys         10        198      70.71      19.19       6.57      10.10      35.86      90.00
003             raw         20        463        222        193         41         48        282         20
003             sys         20        463      47.95      41.68       8.86      10.37      60.91     100.00
004             raw          9        270        141         76         11         53        140          9
004             sys          9        270      52.22      28.15       4.07      19.63      51.85     100.00
005             raw         26        919        606        215         25         98        338         26
005             sys         26        919      65.94      23.39       2.72      10.66      36.78     100.00
006             raw         18        637        466        118         25         53        196         18
006             sys         18        637      73.16      18.52       3.92       8.32      30.77     100.00
007             raw         19        711        496        157         35         58        250         19
007             sys         19        711      69.76      22.08       4.92       8.16      35.16     100.00
013             raw         25        747        535        164         39         48        251         24
013             sys         25        747      71.62      21.95       5.22       6.43      33.60      96.00
018             raw         37       1203        920        229         76         54        359         37
018             sys         37       1203      76.48      19.04       6.32       4.49      29.84     100.00
021             raw         77       1901       1427        366        104        108        578         76
021             sys         77       1901      75.07      19.25       5.47       5.68      30.41      98.70
022             raw         72       2348       1591        555        120        202        877         72
022             sys         72       2348      67.76      23.64       5.11       8.60      37.35     100.00
023             raw         37        750        455        245         64         50        359         36
023             sys         37        750      60.67      32.67       8.53       6.67      47.87      97.30
024             raw         90       2369       1384        760        152        225       1137         90
024             sys         90       2369      58.42      32.08       6.42       9.50      47.99     100.00
026             raw         80       2371       1540        622        150        209        981         80
026             sys         80       2371      64.95      26.23       6.33       8.81      41.37     100.00
028             raw         82       2259       1437        638        105        184        927         81
028             sys         82       2259      63.61      28.24       4.65       8.15      41.04      98.78
030             raw          2         54         39          9          4          6         19          2
030             sys          2         54      72.22      16.67       7.41      11.11      35.19     100.00
SUM             raw        604      17200      11399       4385        964       1416       6765        599
SUM             sys        604      17200      66.27      25.49       5.60       8.23      39.33      99.17
