SPEAKER         id       #SENT      #WORD       Corr        Sub        Ins        Del        Err      S.Err
004             raw          9        270         41        133          3         96        232          9
004             sys          9        270      15.19      49.26       1.11      35.56      85.93     100.00
005             raw         26        919        240        379          6        300        685         26
005             sys         26        919      26.12      41.24       0.65      32.64      74.54     100.00
006             raw         18        637        200        251         13        186        450         18
006             sys         18        637      31.40      39.40       2.04      29.20      70.64     100.00
007             raw         19        711        275        285         13        151        449         19
007             sys         19        711      38.68      40.08       1.83      21.24      63.15     100.00
010             raw        105       1916        247       1231         70        438       1739        105
010             sys        105       1916      12.89      64.25       3.65      22.86      90.76     100.00
013             raw         25        747        300        298         29        149        476         24
013             sys         25        747      40.16      39.89       3.88      19.95      63.72      96.00
021             raw         77       1901        588        831         47        482       1360         77
021             sys         77       1901      30.93      43.71       2.47      25.36      71.54     100.00
022             raw         72       2348        818       1047         77        483       1607         72
022             sys         72       2348      34.84      44.59       3.28      20.57      68.44     100.00
023             raw         37        750        117        488         11        145        644         37
023             sys         37        750      15.60      65.07       1.47      19.33      85.87     100.00
024             raw         90       2369        293       1298         24        778       2100         90
024             sys         90       2369      12.37      54.79       1.01      32.84      88.64     100.00
026             raw         80       2371        384       1199         30        788       2017         80
026             sys         80       2371      16.20      50.57       1.27      33.23      85.07     100.00
028             raw         82       2259        537       1149         33        573       1755         82
028             sys         82       2259      23.77      50.86       1.46      25.37      77.69     100.00
SUM             raw        640      17198       4040       8589        356       4569      13514        639
SUM             sys        640      17198      23.49      49.94       2.07      26.57      78.58      99.84
