SPEAKER         id       #SENT      #WORD       Corr        Sub        Ins        Del        Err      S.Err
001             raw         10        198        112         60         15         26        101         10
001             sys         10        198      56.57      30.30       7.58      13.13      51.01     100.00
003             raw         20        463        268        141         27         54        222         20
003             sys         20        463      57.88      30.45       5.83      11.66      47.95     100.00
004             raw          9        270        104         90         11         76        177          9
004             sys          9        270      38.52      33.33       4.07      28.15      65.56     100.00
005             raw         26        919        523        278         19        118        415         26
005             sys         26        919      56.91      30.25       2.07      12.84      45.16     100.00
006             raw         18        637        407        128         12        102        242         18
006             sys         18        637      63.89      20.09       1.88      16.01      37.99     100.00
007             raw         19        711        453        175         26         83        284         19
007             sys         19        711      63.71      24.61       3.66      11.67      39.94     100.00
010             raw        105       1916        784        767        135        365       1267        105
010             sys        105       1916      40.92      40.03       7.05      19.05      66.13     100.00
013             raw         25        747        498        194         47         55        296         24
013             sys         25        747      66.67      25.97       6.29       7.36      39.63      96.00
018             raw         37       1203        852        269         86         82        437         37
018             sys         37       1203      70.82      22.36       7.15       6.82      36.33     100.00
022             raw         72       2348       1358        734        140        256       1130         72
022             sys         72       2348      57.84      31.26       5.96      10.90      48.13     100.00
023             raw         37        750        345        293         44        112        449         37
023             sys         37        750      46.00      39.07       5.87      14.93      59.87     100.00
024             raw         90       2369        988        835         83        546       1464         90
024             sys         90       2369      41.71      35.25       3.50      23.05      61.80     100.00
026             raw         80       2371       1201        659         88        511       1258         80
026             sys         80       2371      50.65      27.79       3.71      21.55      53.06     100.00
028             raw         82       2259       1300        691         89        268       1048         81
028             sys         82       2259      57.55      30.59       3.94      11.86      46.39      98.78
030             raw          2         54         36         10          1          8         19          2
030             sys          2         54      66.67      18.52       1.85      14.81      35.19     100.00
033             raw         11        269        133         86          8         50        144         11
033             sys         11        269      49.44      31.97       2.97      18.59      53.53     100.00
SUM             raw        643      17484       9362       5410        831       2712       8953        641
SUM             sys        643      17484      53.55      30.94       4.75      15.51      51.21      99.69
