SPEAKER         id       #SENT      #WORD       Corr        Sub        Ins        Del        Err      S.Err
ocancer004      raw          9        270        109         96         11         65        172          9
ocancer004      sys          9        270      40.37      35.56       4.07      24.07      63.70     100.00
ocancer005      raw         26        919        514        289         18        116        423         26
ocancer005      sys         26        919      55.93      31.45       1.96      12.62      46.03     100.00
ocancer006      raw         18        637        412        160         18         65        243         18
ocancer006      sys         18        637      64.68      25.12       2.83      10.20      38.15     100.00
ocancer007      raw         19        711        464        183         39         64        286         19
ocancer007      sys         19        711      65.26      25.74       5.49       9.00      40.23     100.00
ocancer010      raw        105       1916        741        720        111        455       1286        104
ocancer010      sys        105       1916      38.67      37.58       5.79      23.75      67.12      99.05
ocancer013      raw         25        747        505        187         47         55        289         24
ocancer013      sys         25        747      67.60      25.03       6.29       7.36      38.69      96.00
ocancer021      raw         77       1901       1260        492        107        149        748         77
ocancer021      sys         77       1901      66.28      25.88       5.63       7.84      39.35     100.00
ocancer022      raw         72       2348       1315        797        129        236       1162         72
ocancer022      sys         72       2348      56.01      33.94       5.49      10.05      49.49     100.00
ocancer026      raw         80       2371       1015        835         79        521       1435         80
ocancer026      sys         80       2371      42.81      35.22       3.33      21.97      60.52     100.00
ocancer028      raw         82       2259       1290        758         99        211       1068         81
ocancer028      sys         82       2259      57.10      33.55       4.38       9.34      47.28      98.78
ocancer034      raw         93       2548       1534        740        139        274       1153         92
ocancer034      sys         93       2548      60.20      29.04       5.46      10.75      45.25      98.92
SUM             raw        606      16627       9159       5257        797       2211       8265        602
SUM             sys        606      16627      55.09      31.62       4.79      13.30      49.71      99.34
