SPEAKER         id       #SENT      #WORD       Corr        Sub        Ins        Del        Err      S.Err
004             raw          9        270         95         91          5         84        180          9
004             sys          9        270      35.19      33.70       1.85      31.11      66.67     100.00
005             raw         26        919        521        248         12        150        410         26
005             sys         26        919      56.69      26.99       1.31      16.32      44.61     100.00
006             raw         18        637        402        130         16        105        251         18
006             sys         18        637      63.11      20.41       2.51      16.48      39.40     100.00
007             raw         19        711        445        202         22         64        288         19
007             sys         19        711      62.59      28.41       3.09       9.00      40.51     100.00
010             raw        105       1916        736        856        179        324       1359        105
010             sys        105       1916      38.41      44.68       9.34      16.91      70.93     100.00
013             raw         25        747        510        159         43         78        280         24
013             sys         25        747      68.27      21.29       5.76      10.44      37.48      96.00
021             raw         77       1901       1152        551         99        198        848         77
021             sys         77       1901      60.60      28.98       5.21      10.42      44.61     100.00
022             raw         72       2348       1364        732        127        252       1111         72
022             sys         72       2348      58.09      31.18       5.41      10.73      47.32     100.00
023             raw         37        750        339        291         41        120        452         37
023             sys         37        750      45.20      38.80       5.47      16.00      60.27     100.00
024             raw         90       2369        898        847         69        624       1540         90
024             sys         90       2369      37.91      35.75       2.91      26.34      65.01     100.00
026             raw         80       2371        996        604         59        771       1434         80
026             sys         80       2371      42.01      25.47       2.49      32.52      60.48     100.00
028             raw         82       2259       1272        706         85        281       1072         81
028             sys         82       2259      56.31      31.25       3.76      12.44      47.45      98.78
SUM             raw        640      17198       8730       5417        757       3051       9225        638
SUM             sys        640      17198      50.76      31.50       4.40      17.74      53.64      99.69
