,phoneme,intentions,realisations
0,HH,934,989
1,AY1,1858,1527
2,EY1,1152,1238
3,AE1,1570,1548
4,M,1923,1897
5,R,2272,2231
6,AA1,1086,1128
7,B,1067,1004
8,ER0,629,740
9,T,4517,4288
10,AH0,3090,3020
11,N,3577,3600
12,D,2432,2295
13,G,539,413
14,OW1,957,847
15,IH0,1260,1250
16,NG,863,740
17,UW1,1428,1319
18,F,954,979
19,L,1987,1962
20,OW0,106,86
21,AH1,1451,1453
22,P,1053,1012
23,DH,1427,1498
24,IH1,1746,1684
25,S,2832,2831
26,W,1211,1080
27,IY1,1119,1121
28,K,1632,1609
29,EH2,79,72
30,V,1180,1189
31,OY1,48,54
32,IH2,118,107
33,SH,286,301
34,AW1,391,377
35,TH,509,435
36,CH,253,253
37,Z,1426,1472
38,AA0,23,19
39,Y,778,554
40,EY2,89,82
41,EH1,1370,1431
42,UH1,242,197
43,AO1,980,951
44,JH,268,246
45,IY0,823,779
46,AY2,64,45
47,ER1,303,322
48,EY0,5,3
49,AO2,16,13
50,ZH,8,11
51,UW0,56,51
52,IY2,58,44
53,AY0,12,12
54,AE0,21,14
55,EH0,24,19
56,AE2,23,16
57,UW2,68,53
58,AA2,33,27
59,AH2,38,33
60,OW2,42,25
61,OY2,2,3
62,AW2,2,23
63,UH0,4,0
64,AO0,23,18
65,ER2,2,1
