SPEAKER         id       #SENT      #WORD       Corr        Sub        Ins        Del        Err      S.Err
ocancer004      raw          9        270        106        101          7         63        171          9
ocancer004      sys          9        270      39.26      37.41       2.59      23.33      63.33     100.00
ocancer005      raw         26        919        506        265         18        148        431         26
ocancer005      sys         26        919      55.06      28.84       1.96      16.10      46.90     100.00
ocancer006      raw         18        637        389         81         13        167        261         18
ocancer006      sys         18        637      61.07      12.72       2.04      26.22      40.97     100.00
ocancer007      raw         19        711        446        203         19         62        284         19
ocancer007      sys         19        711      62.73      28.55       2.67       8.72      39.94     100.00
ocancer010      raw        105       1916        852        732        158        332       1222        105
ocancer010      sys        105       1916      44.47      38.20       8.25      17.33      63.78     100.00
ocancer013      raw         25        747        506        185         52         56        293         24
ocancer013      sys         25        747      67.74      24.77       6.96       7.50      39.22      96.00
ocancer021      raw         77       1901       1245        505         95        151        751         77
ocancer021      sys         77       1901      65.49      26.56       5.00       7.94      39.51     100.00
ocancer022      raw         72       2348       1386        732        141        230       1103         72
ocancer022      sys         72       2348      59.03      31.18       6.01       9.80      46.98     100.00
ocancer026      raw         80       2371       1075        634         79        662       1375         80
ocancer026      sys         80       2371      45.34      26.74       3.33      27.92      57.99     100.00
ocancer028      raw         82       2259       1328        700         99        231       1030         81
ocancer028      sys         82       2259      58.79      30.99       4.38      10.23      45.60      98.78
ocancer034      raw         93       2548       1549        756        170        243       1169         92
ocancer034      sys         93       2548      60.79      29.67       6.67       9.54      45.88      98.92
SUM             raw        606      16627       9388       4894        851       2345       8090        603
SUM             sys        606      16627      56.46      29.43       5.12      14.10      48.66      99.50
