SPEAKER         id       #SENT      #WORD       Corr        Sub        Ins        Del        Err      S.Err
ocancer001      raw         10        198        128         48         14         22         84         10
ocancer001      sys         10        198      64.65      24.24       7.07      11.11      42.42     100.00
ocancer003      raw         20        463        274        126         25         63        214         20
ocancer003      sys         20        463      59.18      27.21       5.40      13.61      46.22     100.00
ocancer004      raw          9        270        102         99          8         69        176          9
ocancer004      sys          9        270      37.78      36.67       2.96      25.56      65.19     100.00
ocancer005      raw         26        919        539        262         13        118        393         26
ocancer005      sys         26        919      58.65      28.51       1.41      12.84      42.76     100.00
ocancer006      raw         18        637        418        149         12         70        231         18
ocancer006      sys         18        637      65.62      23.39       1.88      10.99      36.26     100.00
ocancer007      raw         19        711        442        190         21         79        290         19
ocancer007      sys         19        711      62.17      26.72       2.95      11.11      40.79     100.00
ocancer010      raw        105       1916        942        675        112        299       1086        104
ocancer010      sys        105       1916      49.16      35.23       5.85      15.61      56.68      99.05
ocancer013      raw         25        747        502        181         43         64        288         24
ocancer013      sys         25        747      67.20      24.23       5.76       8.57      38.55      96.00
ocancer018      raw         37       1203        877        243         73         83        399         37
ocancer018      sys         37       1203      72.90      20.20       6.07       6.90      33.17     100.00
ocancer022      raw         72       2348       1334        739        113        275       1127         72
ocancer022      sys         72       2348      56.81      31.47       4.81      11.71      48.00     100.00
ocancer023      raw         37        750        400        244         46        106        396         37
ocancer023      sys         37        750      53.33      32.53       6.13      14.13      52.80     100.00
ocancer024      raw         90       2369       1108        908         99        353       1360         90
ocancer024      sys         90       2369      46.77      38.33       4.18      14.90      57.41     100.00
ocancer026      raw         80       2371       1128        835         82        408       1325         80
ocancer026      sys         80       2371      47.57      35.22       3.46      17.21      55.88     100.00
ocancer028      raw         82       2259       1300        715         70        244       1029         81
ocancer028      sys         82       2259      57.55      31.65       3.10      10.80      45.55      98.78
ocancer030      raw          2         54         40          8          1          6         15          2
ocancer030      sys          2         54      74.07      14.81       1.85      11.11      27.78     100.00
ocancer033      raw         11        269        143        105         15         21        141         11
ocancer033      sys         11        269      53.16      39.03       5.58       7.81      52.42     100.00
SUM             raw        643      17484       9677       5527        747       2280       8554        640
SUM             sys        643      17484      55.35      31.61       4.27      13.04      48.92      99.53
