SPEAKER         id       #SENT      #WORD       Corr        Sub        Ins        Del        Err      S.Err
001             raw         10        198        140         37         14         21         72          9
001             sys         10        198      70.71      18.69       7.07      10.61      36.36      90.00
003             raw         20        463        225        190         41         48        279         20
003             sys         20        463      48.60      41.04       8.86      10.37      60.26     100.00
004             raw          9        270        135         89         15         46        150          9
004             sys          9        270      50.00      32.96       5.56      17.04      55.56     100.00
005             raw         26        919        584        236         18         99        353         26
005             sys         26        919      63.55      25.68       1.96      10.77      38.41     100.00
006             raw         18        637        451        127         15         59        201         18
006             sys         18        637      70.80      19.94       2.35       9.26      31.55     100.00
007             raw         19        711        491        164         37         56        257         19
007             sys         19        711      69.06      23.07       5.20       7.88      36.15     100.00
010             raw        105       1916       1178        633        218        105        956        105
010             sys        105       1916      61.48      33.04      11.38       5.48      49.90     100.00
013             raw         25        747        546        153         37         48        238         24
013             sys         25        747      73.09      20.48       4.95       6.43      31.86      96.00
021             raw         77       1901       1381        400        112        120        632         76
021             sys         77       1901      72.65      21.04       5.89       6.31      33.25      98.70
022             raw         72       2348       1536        595        141        217        953         72
022             sys         72       2348      65.42      25.34       6.01       9.24      40.59     100.00
026             raw         80       2371       1483        681        139        207       1027         79
026             sys         80       2371      62.55      28.72       5.86       8.73      43.32      98.75
028             raw         82       2259       1441        628        110        190        928         81
028             sys         82       2259      63.79      27.80       4.87       8.41      41.08      98.78
034             raw         93       2548       1693        660        149        195       1004         92
034             sys         93       2548      66.44      25.90       5.85       7.65      39.40      98.92
SUM             raw        636      17288      11284       4593       1046       1411       7050        630
SUM             sys        636      17288      65.27      26.57       6.05       8.16      40.78      99.06
