SPEAKER         id       #SENT      #WORD       Corr        Sub        Ins        Del        Err      S.Err
001             raw         10        198        127         49         12         22         83         10
001             sys         10        198      64.14      24.75       6.06      11.11      41.92     100.00
003             raw         20        463        214        195         37         54        286         20
003             sys         20        463      46.22      42.12       7.99      11.66      61.77     100.00
004             raw          9        270        109        101          8         60        169          9
004             sys          9        270      40.37      37.41       2.96      22.22      62.59     100.00
005             raw         26        919        535        253         17        131        401         26
005             sys         26        919      58.22      27.53       1.85      14.25      43.63     100.00
006             raw         18        637        415        147         26         75        248         18
006             sys         18        637      65.15      23.08       4.08      11.77      38.93     100.00
007             raw         19        711        438        195         28         78        301         19
007             sys         19        711      61.60      27.43       3.94      10.97      42.33     100.00
010             raw        105       1916       1015        772        203        129       1104        105
010             sys        105       1916      52.97      40.29      10.59       6.73      57.62     100.00
013             raw         25        747        487        194         32         66        292         24
013             sys         25        747      65.19      25.97       4.28       8.84      39.09      96.00
018             raw         37       1203        869        253         68         81        402         37
018             sys         37       1203      72.24      21.03       5.65       6.73      33.42     100.00
022             raw         72       2348       1389        711        125        248       1084         72
022             sys         72       2348      59.16      30.28       5.32      10.56      46.17     100.00
023             raw         37        750        393        297         54         60        411         36
023             sys         37        750      52.40      39.60       7.20       8.00      54.80      97.30
024             raw         90       2369       1082        994        103        293       1390         90
024             sys         90       2369      45.67      41.96       4.35      12.37      58.67     100.00
026             raw         80       2371       1264        836        132        271       1239         80
026             sys         80       2371      53.31      35.26       5.57      11.43      52.26     100.00
028             raw         82       2259       1297        711         83        251       1045         81
028             sys         82       2259      57.41      31.47       3.67      11.11      46.26      98.78
030             raw          2         54         32         14          4          8         26          2
030             sys          2         54      59.26      25.93       7.41      14.81      48.15     100.00
033             raw         11        269        145         96         12         28        136         11
033             sys         11        269      53.90      35.69       4.46      10.41      50.56     100.00
SUM             raw        643      17484       9811       5818        944       1855       8617        640
SUM             sys        643      17484      56.11      33.28       5.40      10.61      49.29      99.53
