SPEAKER         id       #SENT      #WORD       Corr        Sub        Ins        Del        Err      S.Err
001             raw         10        198        118         53         10         27         90         10
001             sys         10        198      59.60      26.77       5.05      13.64      45.45     100.00
003             raw         20        463        266        143         32         54        229         20
003             sys         20        463      57.45      30.89       6.91      11.66      49.46     100.00
004             raw          9        270        107         88          6         75        169          9
004             sys          9        270      39.63      32.59       2.22      27.78      62.59     100.00
005             raw         26        919        546        257         14        116        387         26
005             sys         26        919      59.41      27.97       1.52      12.62      42.11     100.00
006             raw         18        637        432        122         17         83        222         18
006             sys         18        637      67.82      19.15       2.67      13.03      34.85     100.00
007             raw         19        711        464        177         20         70        267         19
007             sys         19        711      65.26      24.89       2.81       9.85      37.55     100.00
010             raw        105       1916        860        784        158        272       1214        104
010             sys        105       1916      44.89      40.92       8.25      14.20      63.36      99.05
013             raw         25        747        508        172         46         67        285         24
013             sys         25        747      68.01      23.03       6.16       8.97      38.15      96.00
021             raw         77       1901       1178        526         91        197        814         77
021             sys         77       1901      61.97      27.67       4.79      10.36      42.82     100.00
022             raw         72       2348       1394        699        128        255       1082         72
022             sys         72       2348      59.37      29.77       5.45      10.86      46.08     100.00
026             raw         80       2371       1142        648         73        581       1302         80
026             sys         80       2371      48.17      27.33       3.08      24.50      54.91     100.00
028             raw         82       2259       1316        665         83        278       1026         81
028             sys         82       2259      58.26      29.44       3.67      12.31      45.42      98.78
034             raw         93       2548       1558        705        140        285       1130         93
034             sys         93       2548      61.15      27.67       5.49      11.19      44.35     100.00
SUM             raw        636      17288       9889       5039        818       2360       8217        633
SUM             sys        636      17288      57.20      29.15       4.73      13.65      47.53      99.53
