SPEAKER         id       #SENT      #WORD       Corr        Sub        Ins        Del        Err      S.Err
001             raw         10        198         58         95         12         45        152         10
001             sys         10        198      29.29      47.98       6.06      22.73      76.77     100.00
003             raw         20        463        173        200         22         90        312         20
003             sys         20        463      37.37      43.20       4.75      19.44      67.39     100.00
004             raw          9        270         42        129          3         99        231          9
004             sys          9        270      15.56      47.78       1.11      36.67      85.56     100.00
005             raw         26        919        249        403          7        267        677         26
005             sys         26        919      27.09      43.85       0.76      29.05      73.67     100.00
006             raw         18        637        204        261         16        172        449         18
006             sys         18        637      32.03      40.97       2.51      27.00      70.49     100.00
007             raw         19        711        292        284         13        135        432         19
007             sys         19        711      41.07      39.94       1.83      18.99      60.76     100.00
010             raw        105       1916        246       1272         87        398       1757        105
010             sys        105       1916      12.84      66.39       4.54      20.77      91.70     100.00
013             raw         25        747        300        314         30        133        477         24
013             sys         25        747      40.16      42.03       4.02      17.80      63.86      96.00
018             raw         37       1203        690        370         53        143        566         37
018             sys         37       1203      57.36      30.76       4.41      11.89      47.05     100.00
022             raw         72       2348        834       1075         87        439       1601         72
022             sys         72       2348      35.52      45.78       3.71      18.70      68.19     100.00
023             raw         37        750        113        510         15        127        652         37
023             sys         37        750      15.07      68.00       2.00      16.93      86.93     100.00
024             raw         90       2369        289       1360         24        720       2104         90
024             sys         90       2369      12.20      57.41       1.01      30.39      88.81     100.00
026             raw         80       2371        392       1251         43        728       2022         80
026             sys         80       2371      16.53      52.76       1.81      30.70      85.28     100.00
028             raw         82       2259        546       1209         41        504       1754         82
028             sys         82       2259      24.17      53.52       1.81      22.31      77.64     100.00
030             raw          2         54         25         20          3          9         32          2
030             sys          2         54      46.30      37.04       5.56      16.67      59.26     100.00
033             raw         11        269         53        132          0         84        216         11
033             sys         11        269      19.70      49.07       0.00      31.23      80.30     100.00
SUM             raw        643      17484       4506       8885        456       4093      13434        642
SUM             sys        643      17484      25.77      50.82       2.61      23.41      76.84      99.84
