SPEAKER         id       #SENT      #WORD       Corr        Sub        Ins        Del        Err      S.Err
ocancer004      raw          9        270        109         96         10         65        171          9
ocancer004      sys          9        270      40.37      35.56       3.70      24.07      63.33     100.00
ocancer005      raw         26        919        545        259         20        115        394         26
ocancer005      sys         26        919      59.30      28.18       2.18      12.51      42.87     100.00
ocancer006      raw         18        637        433        137         21         67        225         18
ocancer006      sys         18        637      67.97      21.51       3.30      10.52      35.32     100.00
ocancer007      raw         19        711        468        176         36         67        279         19
ocancer007      sys         19        711      65.82      24.75       5.06       9.42      39.24     100.00
ocancer010      raw        105       1916        915        785        183        216       1184        105
ocancer010      sys        105       1916      47.76      40.97       9.55      11.27      61.80     100.00
ocancer013      raw         25        747        516        175         45         56        276         24
ocancer013      sys         25        747      69.08      23.43       6.02       7.50      36.95      96.00
ocancer021      raw         77       1901       1312        445        108        144        697         77
ocancer021      sys         77       1901      69.02      23.41       5.68       7.57      36.66     100.00
ocancer022      raw         72       2348       1370        727        138        251       1116         72
ocancer022      sys         72       2348      58.35      30.96       5.88      10.69      47.53     100.00
ocancer023      raw         37        750        392        285         48         73        406         37
ocancer023      sys         37        750      52.27      38.00       6.40       9.73      54.13     100.00
ocancer024      raw         90       2369       1141        910        122        318       1350         90
ocancer024      sys         90       2369      48.16      38.41       5.15      13.42      56.99     100.00
ocancer026      raw         80       2371       1164        820         80        387       1287         80
ocancer026      sys         80       2371      49.09      34.58       3.37      16.32      54.28     100.00
ocancer028      raw         82       2259       1314        738         99        207       1044         81
ocancer028      sys         82       2259      58.17      32.67       4.38       9.16      46.22      98.78
SUM             raw        640      17198       9679       5553        910       1966       8429        638
SUM             sys        640      17198      56.28      32.29       5.29      11.43      49.01      99.69
