SPEAKER         id       #SENT      #WORD       Corr        Sub        Ins        Del        Err      S.Err
ocancer004      raw          9        270        110         98          8         62        168          9
ocancer004      sys          9        270      40.74      36.30       2.96      22.96      62.22     100.00
ocancer005      raw         26        919        526        265         24        128        417         26
ocancer005      sys         26        919      57.24      28.84       2.61      13.93      45.38     100.00
ocancer006      raw         18        637        441        121         20         75        216         18
ocancer006      sys         18        637      69.23      19.00       3.14      11.77      33.91     100.00
ocancer007      raw         19        711        443        196         25         72        293         19
ocancer007      sys         19        711      62.31      27.57       3.52      10.13      41.21     100.00
ocancer010      raw        105       1916        877        813        182        226       1221        105
ocancer010      sys        105       1916      45.77      42.43       9.50      11.80      63.73     100.00
ocancer013      raw         25        747        510        179         46         58        283         24
ocancer013      sys         25        747      68.27      23.96       6.16       7.76      37.88      96.00
ocancer021      raw         77       1901       1192        515        108        194        817         77
ocancer021      sys         77       1901      62.70      27.09       5.68      10.21      42.98     100.00
ocancer022      raw         72       2348       1316        779        116        253       1148         72
ocancer022      sys         72       2348      56.05      33.18       4.94      10.78      48.89     100.00
ocancer023      raw         37        750        367        275         41        108        424         37
ocancer023      sys         37        750      48.93      36.67       5.47      14.40      56.53     100.00
ocancer024      raw         90       2369       1106        804        110        459       1373         90
ocancer024      sys         90       2369      46.69      33.94       4.64      19.38      57.96     100.00
ocancer026      raw         80       2371       1152        662         89        557       1308         80
ocancer026      sys         80       2371      48.59      27.92       3.75      23.49      55.17     100.00
ocancer028      raw         82       2259       1353        680         76        226        982         81
ocancer028      sys         82       2259      59.89      30.10       3.36      10.00      43.47      98.78
SUM             raw        640      17198       9393       5387        845       2418       8650        638
SUM             sys        640      17198      54.62      31.32       4.91      14.06      50.30      99.69
