SPEAKER         id       #SENT      #WORD       Corr        Sub        Ins        Del        Err      S.Err
004             raw          9        270        133         87         11         50        148          9
004             sys          9        270      49.26      32.22       4.07      18.52      54.81     100.00
005             raw         26        919        573        233         18        113        364         26
005             sys         26        919      62.35      25.35       1.96      12.30      39.61     100.00
006             raw         18        637        453        127         22         57        206         18
006             sys         18        637      71.11      19.94       3.45       8.95      32.34     100.00
007             raw         19        711        497        149         41         65        255         19
007             sys         19        711      69.90      20.96       5.77       9.14      35.86     100.00
010             raw        105       1916       1212        593        197        111        901        104
010             sys        105       1916      63.26      30.95      10.28       5.79      47.03      99.05
013             raw         25        747        538        164         34         45        243         24
013             sys         25        747      72.02      21.95       4.55       6.02      32.53      96.00
021             raw         77       1901       1398        382        105        121        608         76
021             sys         77       1901      73.54      20.09       5.52       6.37      31.98      98.70
022             raw         72       2348       1547        592        127        209        928         72
022             sys         72       2348      65.89      25.21       5.41       8.90      39.52     100.00
023             raw         37        750        450        244         61         56        361         36
023             sys         37        750      60.00      32.53       8.13       7.47      48.13      97.30
024             raw         90       2369       1363        748        128        258       1134         90
024             sys         90       2369      57.53      31.57       5.40      10.89      47.87     100.00
026             raw         80       2371       1498        662        127        211       1000         80
026             sys         80       2371      63.18      27.92       5.36       8.90      42.18     100.00
028             raw         82       2259        892       1124        101        243       1468         82
028             sys         82       2259      39.49      49.76       4.47      10.76      64.98     100.00
SUM             raw        640      17198      10554       5105        972       1539       7616        636
SUM             sys        640      17198      61.37      29.68       5.65       8.95      44.28      99.38
