SPEAKER         id       #SENT      #WORD       Corr        Sub        Ins        Del        Err      S.Err
ocancer001      raw         10        198        133         40         13         25         78          9
ocancer001      sys         10        198      67.17      20.20       6.57      12.63      39.39      90.00
ocancer003      raw         20        463        286        131         31         46        208         20
ocancer003      sys         20        463      61.77      28.29       6.70       9.94      44.92     100.00
ocancer004      raw          9        270        110        105         10         55        170          9
ocancer004      sys          9        270      40.74      38.89       3.70      20.37      62.96     100.00
ocancer005      raw         26        919        540        272         18        107        397         26
ocancer005      sys         26        919      58.76      29.60       1.96      11.64      43.20     100.00
ocancer006      raw         18        637        435        140         20         62        222         18
ocancer006      sys         18        637      68.29      21.98       3.14       9.73      34.85     100.00
ocancer007      raw         19        711        471        169         37         71        277         19
ocancer007      sys         19        711      66.24      23.77       5.20       9.99      38.96     100.00
ocancer013      raw         25        747        518        173         49         56        278         24
ocancer013      sys         25        747      69.34      23.16       6.56       7.50      37.22      96.00
ocancer018      raw         37       1203        891        243         89         69        401         37
ocancer018      sys         37       1203      74.06      20.20       7.40       5.74      33.33     100.00
ocancer021      raw         77       1901       1304        456        105        141        702         77
ocancer021      sys         77       1901      68.60      23.99       5.52       7.42      36.93     100.00
ocancer022      raw         72       2348       1351        760        125        237       1122         72
ocancer022      sys         72       2348      57.54      32.37       5.32      10.09      47.79     100.00
ocancer023      raw         37        750        394        281         61         75        417         37
ocancer023      sys         37        750      52.53      37.47       8.13      10.00      55.60     100.00
ocancer024      raw         90       2369       1149        920        149        300       1369         90
ocancer024      sys         90       2369      48.50      38.83       6.29      12.66      57.79     100.00
ocancer026      raw         80       2371       1204        794        100        373       1267         80
ocancer026      sys         80       2371      50.78      33.49       4.22      15.73      53.44     100.00
ocancer028      raw         82       2259       1325        710         92        224       1026         81
ocancer028      sys         82       2259      58.65      31.43       4.07       9.92      45.42      98.78
ocancer030      raw          2         54         42          7          1          5         13          2
ocancer030      sys          2         54      77.78      12.96       1.85       9.26      24.07     100.00
SUM             raw        604      17200      10153       5201        900       1846       7947        601
SUM             sys        604      17200      59.03      30.24       5.23      10.73      46.20      99.50
