SPEAKER         id       #SENT      #WORD       Corr        Sub        Ins        Del        Err      S.Err
ocancer001      raw         10        198        120         56          8         22         86         10
ocancer001      sys         10        198      60.61      28.28       4.04      11.11      43.43     100.00
ocancer003      raw         20        463        263        149         26         51        226         20
ocancer003      sys         20        463      56.80      32.18       5.62      11.02      48.81     100.00
ocancer004      raw          9        270        125         82         13         63        158          9
ocancer004      sys          9        270      46.30      30.37       4.81      23.33      58.52     100.00
ocancer005      raw         26        919        511        285         22        123        430         26
ocancer005      sys         26        919      55.60      31.01       2.39      13.38      46.79     100.00
ocancer006      raw         18        637        439        127         13         71        211         18
ocancer006      sys         18        637      68.92      19.94       2.04      11.15      33.12     100.00
ocancer007      raw         19        711        467        185         23         59        267         19
ocancer007      sys         19        711      65.68      26.02       3.23       8.30      37.55     100.00
ocancer010      raw        105       1916        931        742        157        243       1142        104
ocancer010      sys        105       1916      48.59      38.73       8.19      12.68      59.60      99.05
ocancer013      raw         25        747        492        196         44         59        299         24
ocancer013      sys         25        747      65.86      26.24       5.89       7.90      40.03      96.00
ocancer021      raw         77       1901       1215        517        104        169        790         76
ocancer021      sys         77       1901      63.91      27.20       5.47       8.89      41.56      98.70
ocancer022      raw         72       2348       1341        755        125        252       1132         72
ocancer022      sys         72       2348      57.11      32.16       5.32      10.73      48.21     100.00
ocancer026      raw         80       2371       1241        738         87        392       1217         80
ocancer026      sys         80       2371      52.34      31.13       3.67      16.53      51.33     100.00
ocancer028      raw         82       2259       1331        707         84        221       1012         81
ocancer028      sys         82       2259      58.92      31.30       3.72       9.78      44.80      98.78
ocancer034      raw         93       2548       1528        748        131        272       1151         93
ocancer034      sys         93       2548      59.97      29.36       5.14      10.68      45.17     100.00
SUM             raw        636      17288      10004       5287        837       1997       8121        632
SUM             sys        636      17288      57.87      30.58       4.84      11.55      46.97      99.37
