SPEAKER         id       #SENT      #WORD       Corr        Sub        Ins        Del        Err      S.Err
004             raw          9        270         84         72          8        114        194          9
004             sys          9        270      31.11      26.67       2.96      42.22      71.85     100.00
005             raw         26        919        527        233         18        159        410         26
005             sys         26        919      57.34      25.35       1.96      17.30      44.61     100.00
006             raw         18        637        384        101         14        152        267         18
006             sys         18        637      60.28      15.86       2.20      23.86      41.92     100.00
007             raw         19        711        468        175         27         68        270         19
007             sys         19        711      65.82      24.61       3.80       9.56      37.97     100.00
010             raw        105       1916        611        632         87        673       1392        105
010             sys        105       1916      31.89      32.99       4.54      35.13      72.65     100.00
013             raw         25        747        528        159         49         60        268         24
013             sys         25        747      70.68      21.29       6.56       8.03      35.88      96.00
021             raw         77       1901       1167        558         85        176        819         77
021             sys         77       1901      61.39      29.35       4.47       9.26      43.08     100.00
022             raw         72       2348       1380        731        121        237       1089         72
022             sys         72       2348      58.77      31.13       5.15      10.09      46.38     100.00
026             raw         80       2371       1012        623         52        736       1411         80
026             sys         80       2371      42.68      26.28       2.19      31.04      59.51     100.00
028             raw         82       2259       1307        702         80        250       1032         81
028             sys         82       2259      57.86      31.08       3.54      11.07      45.68      98.78
034             raw         93       2548       1584        704        157        260       1121         92
034             sys         93       2548      62.17      27.63       6.16      10.20      44.00      98.92
SUM             raw        606      16627       9052       4690        698       2885       8273        603
SUM             sys        606      16627      54.44      28.21       4.20      17.35      49.76      99.50
