SPEAKER         id       #SENT      #WORD       Corr        Sub        Ins        Del        Err      S.Err
ocancer001      raw         10        198        120         54         10         24         88         10
ocancer001      sys         10        198      60.61      27.27       5.05      12.12      44.44     100.00
ocancer003      raw         20        463        263        150         25         50        225         20
ocancer003      sys         20        463      56.80      32.40       5.40      10.80      48.60     100.00
ocancer004      raw          9        270        125         80          9         65        154          9
ocancer004      sys          9        270      46.30      29.63       3.33      24.07      57.04     100.00
ocancer005      raw         26        919        514        281         18        124        423         26
ocancer005      sys         26        919      55.93      30.58       1.96      13.49      46.03     100.00
ocancer006      raw         18        637        448        117         16         72        205         18
ocancer006      sys         18        637      70.33      18.37       2.51      11.30      32.18     100.00
ocancer007      raw         19        711        458        171         25         82        278         19
ocancer007      sys         19        711      64.42      24.05       3.52      11.53      39.10     100.00
ocancer013      raw         25        747        515        162         41         70        273         24
ocancer013      sys         25        747      68.94      21.69       5.49       9.37      36.55      96.00
ocancer018      raw         37       1203        839        260         80        104        444         37
ocancer018      sys         37       1203      69.74      21.61       6.65       8.65      36.91     100.00
ocancer021      raw         77       1901       1169        516         82        216        814         77
ocancer021      sys         77       1901      61.49      27.14       4.31      11.36      42.82     100.00
ocancer022      raw         72       2348       1335        726        115        287       1128         72
ocancer022      sys         72       2348      56.86      30.92       4.90      12.22      48.04     100.00
ocancer023      raw         37        750        390        267         61         93        421         37
ocancer023      sys         37        750      52.00      35.60       8.13      12.40      56.13     100.00
ocancer024      raw         90       2369       1160        855        120        354       1329         90
ocancer024      sys         90       2369      48.97      36.09       5.07      14.94      56.10     100.00
ocancer026      raw         80       2371       1255        705         92        411       1208         80
ocancer026      sys         80       2371      52.93      29.73       3.88      17.33      50.95     100.00
ocancer028      raw         82       2259       1342        664         82        253        999         82
ocancer028      sys         82       2259      59.41      29.39       3.63      11.20      44.22     100.00
ocancer030      raw          2         54         41          9          0          4         13          2
ocancer030      sys          2         54      75.93      16.67       0.00       7.41      24.07     100.00
SUM             raw        604      17200       9974       5017        776       2209       8002        603
SUM             sys        604      17200      57.99      29.17       4.51      12.84      46.52      99.83
